8 375 500 336.5 333.5 47.0 79.0
8 375 500 189.5 328.0 53.0 50.0
8 375 500 257.5 322.0 55.0 48.0
8 375 500 179.5 282.0 43.0 60.0
8 375 500 323.5 252.0 33.0 68.0
8 375 500 283.5 431.0 49.0 88.0
8 375 500 233.5 466.5 53.0 57.0
8 375 500 174.0 435.5 54.0 75.0
8 375 500 184.0 374.5 48.0 71.0
9 375 500 233.0 404.0 100.0 78.0
9 375 500 225.5 279.5 79.0 49.0
19 375 500 274.5 259.5 39.0 55.0
19 375 500 218.5 240.5 39.0 45.0
8 375 500 318.5 197.0 35.0 52.0
8 375 500 69.5 333.0 43.0 72.0
8 375 500 51.0 456.5 58.0 77.0
19 375 500 25.0 438.5 48.0 79.0
19 375 500 44.5 392.0 39.0 60.0
19 375 500 50.5 343.5 37.0 59.0
19 375 500 102.0 202.5 38.0 93.0
9 375 500 25.0 381.5 48.0 173.0
9 375 500 350.5 189.0 49.0 34.0