9 500 333 335.5 229.0 329.0 208.0
8 500 333 446.0 278.0 108.0 110.0
8 500 333 80.5 275.5 127.0 115.0
19 500 333 107.5 221.5 153.0 223.0
19 500 333 134.0 183.5 94.0 147.0
19 500 333 165.5 163.5 57.0 121.0
19 500 333 206.0 140.5 64.0 99.0
19 500 333 225.5 128.0 39.0 52.0
19 500 333 152.0 83.0 42.0 88.0
19 500 333 283.5 106.5 55.0 45.0
19 500 333 352.0 95.5 34.0 17.0
19 500 333 392.5 96.5 31.0 23.0
19 500 333 472.0 117.0 34.0 40.0
19 500 333 383.0 229.5 164.0 205.0
19 500 333 390.0 150.0 110.0 94.0
19 500 333 355.0 137.0 54.0 84.0
19 500 333 343.0 126.5 28.0 53.0