10 500 375 38.0 176.5 74.0 177.0
19 500 375 130.0 239.0 78.0 264.0
19 500 375 184.0 242.0 54.0 256.0
19 500 375 224.0 229.5 72.0 267.0
19 500 375 264.0 224.5 56.0 273.0
19 500 375 319.5 217.0 65.0 268.0
19 500 375 354.5 221.5 51.0 263.0
19 500 375 400.5 221.0 49.0 242.0
19 500 375 135.5 72.5 43.0 93.0
19 500 375 141.5 90.5 47.0 53.0
19 500 375 172.0 73.0 38.0 76.0
19 500 375 208.5 91.5 61.0 85.0
19 500 375 263.0 92.0 60.0 90.0
19 500 375 289.5 93.0 31.0 72.0
19 500 375 321.0 84.5 38.0 53.0
19 500 375 361.0 84.5 42.0 79.0