19 500 276 171.0 137.5 24.0 47.0
19 500 276 21.5 162.5 17.0 25.0
19 500 276 57.5 186.5 27.0 55.0
19 500 276 86.0 190.5 42.0 51.0
8 500 276 68.0 241.5 46.0 67.0
19 500 276 151.5 193.0 33.0 78.0
19 500 276 218.0 229.5 28.0 91.0
19 500 276 257.0 225.5 48.0 99.0
19 500 276 224.5 180.5 27.0 67.0
19 500 276 256.0 167.0 16.0 56.0
19 500 276 276.5 170.5 13.0 57.0
19 500 276 290.5 175.5 23.0 57.0
19 500 276 316.0 173.0 22.0 52.0
19 500 276 337.0 167.0 14.0 60.0
19 500 276 349.5 173.5 17.0 53.0
19 500 276 360.0 201.5 20.0 89.0
19 500 276 402.0 188.0 26.0 74.0
19 500 276 383.5 174.0 13.0 66.0
19 500 276 423.5 209.0 17.0 102.0
19 500 276 429.5 162.0 17.0 42.0
19 500 276 452.5 152.5 17.0 27.0
19 500 276 484.0 170.5 24.0 29.0
4 500 276 145.5 171.5 193.0 73.0
19 500 276 491.0 230.0 18.0 90.0
19 500 276 457.5 231.0 57.0 88.0
19 500 276 354.5 260.0 45.0 32.0