10 500 215 45.5 106.5 29.0 31.0
10 500 215 74.0 107.5 26.0 31.0
10 500 215 105.0 107.5 32.0 31.0
10 500 215 95.0 60.5 40.0 65.0
10 500 215 135.0 106.5 30.0 31.0
10 500 215 164.0 106.5 28.0 31.0
10 500 215 304.0 81.0 32.0 46.0
10 500 215 331.0 77.0 32.0 36.0
10 500 215 359.0 68.5 34.0 37.0
10 500 215 381.0 62.0 26.0 38.0
10 500 215 403.0 54.5 24.0 35.0
10 500 215 423.0 42.0 22.0 46.0
10 500 215 363.5 140.5 25.0 29.0
10 500 215 241.0 121.5 34.0 37.0
10 500 215 195.5 119.5 53.0 43.0
10 500 215 149.0 134.0 44.0 28.0
10 500 215 97.5 139.5 55.0 41.0
10 500 215 338.5 168.0 31.0 36.0
10 500 215 307.5 174.0 31.0 32.0
10 500 215 282.0 159.0 26.0 38.0
10 500 215 246.5 161.5 39.0 45.0
10 500 215 220.0 163.5 18.0 25.0
10 500 215 195.0 170.0 38.0 36.0
10 500 215 160.5 167.5 31.0 41.0
10 500 215 109.5 183.0 79.0 60.0