7 500 333 425.5 131.0 121.0 260.0
7 500 333 323.0 129.0 106.0 256.0
7 500 333 224.0 123.0 98.0 244.0
7 500 333 129.0 115.5 96.0 229.0
7 500 333 40.0 109.0 78.0 216.0
7 500 333 40.0 248.0 78.0 100.0
7 500 333 92.0 291.5 90.0 83.0
7 500 333 121.0 259.5 78.0 107.0
7 500 333 211.5 268.5 81.0 109.0
7 500 333 181.0 296.0 92.0 74.0
7 500 333 293.0 275.5 84.0 111.0
7 500 333 269.0 300.5 94.0 65.0
7 500 333 380.5 281.0 87.0 100.0
7 500 333 357.0 305.0 82.0 56.0
7 500 333 456.0 310.0 84.0 46.0
7 500 333 461.5 281.0 77.0 82.0