4 500 375 255.0 174.5 374.0 119.0
19 500 375 313.5 145.0 33.0 28.0
19 500 375 471.0 98.0 22.0 96.0
19 500 375 429.0 102.0 20.0 86.0
19 500 375 409.5 101.0 23.0 86.0
19 500 375 447.0 129.0 46.0 138.0
19 500 375 362.0 91.5 50.0 87.0
19 500 375 312.0 92.5 60.0 57.0
19 500 375 281.0 92.5 28.0 45.0
19 500 375 250.0 91.0 38.0 60.0
19 500 375 211.0 102.0 26.0 76.0
19 500 375 162.5 104.0 39.0 90.0
19 500 375 137.5 109.0 31.0 84.0
19 500 375 66.5 117.0 39.0 114.0
19 500 375 38.5 126.0 39.0 114.0
19 500 375 9.0 123.0 14.0 116.0