7 500 375 42.5 225.0 37.0 98.0
7 500 375 111.0 206.0 34.0 112.0
7 500 375 149.5 197.0 35.0 94.0
7 500 375 185.0 193.5 28.0 81.0
7 500 375 215.0 189.5 32.0 77.0
7 500 375 247.0 198.5 24.0 83.0
7 500 375 273.5 206.5 25.0 107.0
7 500 375 302.0 209.0 28.0 108.0
7 500 375 331.0 211.5 30.0 109.0
7 500 375 362.0 212.0 26.0 108.0
7 500 375 393.0 216.0 34.0 106.0
7 500 375 244.0 307.5 70.0 133.0
7 500 375 303.0 318.5 66.0 113.0
19 500 375 66.5 113.5 109.0 157.0
19 500 375 157.5 71.0 47.0 98.0
19 500 375 331.5 118.0 85.0 108.0
19 500 375 218.0 147.5 90.0 103.0
19 500 375 336.0 159.0 78.0 90.0
19 500 375 400.0 121.0 54.0 106.0
19 500 375 360.5 111.0 57.0 100.0
19 500 375 220.0 106.0 114.0 124.0
19 500 375 464.0 113.5 58.0 79.0
19 500 375 432.0 110.5 34.0 63.0
19 500 375 149.5 107.0 57.0 70.0
19 500 375 18.5 75.0 35.0 148.0