7 375 500 67.0 100.5 32.0 99.0
7 375 500 100.5 100.5 33.0 99.0
7 375 500 133.0 98.5 32.0 107.0
7 375 500 166.5 99.0 31.0 104.0
7 375 500 197.5 98.5 31.0 103.0
7 375 500 230.0 98.0 32.0 104.0
7 375 500 262.5 98.5 33.0 105.0
7 375 500 295.0 99.0 32.0 104.0
7 375 500 327.0 99.0 32.0 104.0
7 375 500 73.0 249.5 24.0 65.0
7 375 500 134.0 246.5 32.0 69.0
7 375 500 165.5 247.5 31.0 67.0
7 375 500 197.0 247.5 32.0 67.0
7 375 500 229.0 249.0 32.0 64.0
7 375 500 260.5 248.0 31.0 66.0
7 375 500 290.5 249.0 29.0 64.0
7 375 500 228.0 338.0 30.0 62.0
7 375 500 258.5 338.5 31.0 61.0
7 375 500 289.0 337.5 30.0 59.0