1 500 334 260.5 207.5 51.0 93.0
1 500 334 462.0 211.5 46.0 99.0
1 500 334 302.5 198.5 43.0 79.0
1 500 334 336.5 182.0 25.0 76.0
1 500 334 198.0 226.5 52.0 101.0
1 500 334 100.0 152.5 34.0 51.0
19 500 334 456.0 167.0 52.0 148.0
19 500 334 256.0 159.5 48.0 129.0
19 500 334 300.0 156.0 42.0 112.0
19 500 334 99.0 129.5 32.0 77.0
19 500 334 321.0 120.0 34.0 64.0
19 500 334 362.5 141.5 31.0 113.0
19 500 334 386.0 136.0 20.0 110.0
19 500 334 469.0 106.0 28.0 64.0
19 500 334 344.5 134.5 29.0 105.0
19 500 334 58.0 166.5 44.0 157.0
19 500 334 143.0 119.5 22.0 75.0
19 500 334 29.0 153.5 36.0 147.0
19 500 334 246.5 90.5 9.0 19.0
19 500 334 232.5 82.0 11.0 18.0
19 500 334 223.0 96.5 20.0 39.0
19 500 334 122.0 120.5 26.0 73.0