10 500 375 254.5 75.5 51.0 27.0
10 500 375 233.0 133.0 46.0 34.0
10 500 375 154.5 135.0 59.0 64.0
10 500 375 188.5 163.5 51.0 67.0
10 500 375 248.0 202.5 90.0 119.0
10 500 375 323.0 161.5 92.0 147.0
10 500 375 409.0 233.5 108.0 165.0
10 500 375 60.5 236.0 83.0 132.0
10 500 375 13.5 285.0 25.0 120.0
10 500 375 34.5 148.5 67.0 63.0
10 500 375 32.5 181.5 63.0 55.0
10 500 375 76.0 125.0 22.0 50.0
10 500 375 44.5 114.0 23.0 40.0
10 500 375 44.0 59.5 36.0 61.0
10 500 375 16.0 57.0 28.0 58.0
10 500 375 479.5 240.0 41.0 124.0
10 500 375 474.5 111.5 41.0 67.0
10 500 375 475.0 170.5 50.0 57.0