5 500 375 203.0 272.5 56.0 99.0
5 500 375 149.0 261.5 62.0 69.0
19 500 375 35.0 242.0 22.0 62.0
19 500 375 61.0 245.5 28.0 77.0
19 500 375 86.5 246.5 27.0 75.0
19 500 375 91.0 236.0 18.0 74.0
19 500 375 104.5 237.0 21.0 90.0
19 500 375 147.0 243.0 58.0 110.0
19 500 375 207.0 247.5 62.0 139.0
19 500 375 260.0 257.5 28.0 107.0
19 500 375 297.0 255.5 22.0 99.0
19 500 375 315.5 254.5 23.0 101.0
16 500 375 333.5 292.0 49.0 38.0
19 500 375 343.0 252.0 26.0 70.0
19 500 375 377.0 261.5 30.0 87.0
19 500 375 404.0 264.0 20.0 88.0
19 500 375 429.5 252.5 31.0 109.0
19 500 375 355.0 252.5 22.0 103.0