7 375 500 183.0 371.5 46.0 99.0
7 375 500 102.0 338.0 62.0 108.0
7 375 500 116.0 306.5 50.0 101.0
7 375 500 158.0 329.5 40.0 107.0
7 375 500 199.5 313.5 45.0 119.0
7 375 500 211.5 242.0 55.0 140.0
7 375 500 291.5 208.0 45.0 102.0
7 375 500 251.5 205.5 39.0 129.0
7 375 500 222.5 228.5 33.0 97.0
7 375 500 151.0 270.5 46.0 77.0
7 375 500 118.5 242.0 37.0 78.0
7 375 500 129.0 198.0 40.0 78.0
7 375 500 140.5 176.0 29.0 58.0
7 375 500 163.0 157.5 30.0 65.0
7 375 500 165.0 255.0 44.0 100.0
7 375 500 225.5 179.5 25.0 73.0
7 375 500 231.0 140.5 24.0 67.0
7 375 500 241.0 116.5 28.0 61.0
7 375 500 268.5 155.0 29.0 68.0
7 375 500 307.5 188.0 27.0 92.0