13 500 376 122.0 69.0 68.0 38.0
13 500 376 183.0 109.5 68.0 39.0
13 500 376 185.0 78.5 70.0 43.0
13 500 376 189.5 343.0 77.0 40.0
13 500 376 316.5 324.0 109.0 48.0
13 500 376 413.0 304.0 82.0 38.0
13 500 376 471.5 198.0 57.0 46.0
13 500 376 314.0 195.5 96.0 43.0
13 500 376 382.0 141.5 74.0 41.0
13 500 376 396.0 23.5 76.0 37.0
13 500 376 291.5 25.5 63.0 39.0
13 500 376 128.0 315.5 106.0 53.0
13 500 376 228.5 308.0 59.0 46.0
13 500 376 366.0 294.5 86.0 39.0
13 500 376 364.5 216.0 71.0 32.0
13 500 376 216.0 275.0 116.0 58.0
13 500 376 142.5 233.0 77.0 48.0
13 500 376 115.0 173.0 68.0 62.0
13 500 376 184.5 155.5 69.0 55.0
13 500 376 411.5 114.5 83.0 47.0
13 500 376 319.5 96.0 65.0 52.0
13 500 376 208.5 56.0 51.0 36.0
13 500 376 250.0 227.5 96.0 51.0
13 500 376 468.0 45.0 40.0 50.0
13 500 376 423.5 66.0 73.0 50.0
13 500 376 379.5 80.5 51.0 55.0
13 500 376 262.0 138.0 72.0 56.0
13 500 376 330.5 128.5 51.0 47.0
13 500 376 377.5 180.0 67.0 42.0
13 500 376 450.0 17.0 48.0 28.0