3 500 375 406.5 310.5 187.0 95.0
19 500 375 488.0 337.5 24.0 75.0
19 500 375 459.5 340.0 25.0 70.0
19 500 375 424.0 341.5 30.0 67.0
19 500 375 411.5 336.0 21.0 76.0
19 500 375 375.0 340.5 30.0 69.0
19 500 375 302.0 335.5 32.0 79.0
19 500 375 266.0 340.0 38.0 70.0
19 500 375 241.5 340.5 29.0 69.0
19 500 375 201.0 340.0 20.0 70.0
19 500 375 182.5 341.5 23.0 63.0
19 500 375 137.5 341.5 37.0 67.0
19 500 375 111.0 339.5 46.0 71.0
19 500 375 63.5 338.5 35.0 71.0
19 500 375 34.0 344.0 24.0 62.0
19 500 375 14.0 343.0 22.0 64.0