18 500 500 372.5 230.0 155.0 118.0
18 500 500 312.5 167.0 149.0 38.0
18 500 500 346.0 159.5 152.0 37.0
18 500 500 151.0 203.0 154.0 142.0
18 500 500 35.0 156.0 68.0 96.0
18 500 500 151.0 119.0 94.0 24.0
18 500 500 263.0 125.0 62.0 30.0
18 500 500 269.5 118.5 129.0 37.0
18 500 500 248.5 236.0 119.0 124.0
18 500 500 464.0 128.5 58.0 33.0
18 500 500 73.5 181.5 131.0 109.0
18 500 500 394.0 123.0 50.0 36.0
18 500 500 440.5 195.0 57.0 114.0
18 500 500 336.5 129.5 69.0 39.0
18 500 500 136.5 139.5 25.0 29.0
18 500 500 91.0 125.5 52.0 25.0