19 500 375 298.5 216.0 49.0 238.0
19 500 375 276.0 233.0 118.0 214.0
19 500 375 180.0 268.0 94.0 180.0
19 500 375 441.5 186.5 103.0 209.0
19 500 375 309.0 83.0 56.0 90.0
19 500 375 104.0 94.0 68.0 88.0
19 500 375 46.5 228.0 91.0 246.0
19 500 375 113.0 233.5 88.0 247.0
19 500 375 205.5 214.0 61.0 180.0
19 500 375 165.0 119.5 80.0 135.0
19 500 375 241.5 119.5 81.0 105.0
19 500 375 342.0 142.0 64.0 134.0
19 500 375 394.0 139.0 64.0 158.0
19 500 375 350.0 279.0 88.0 146.0
19 500 375 437.5 273.0 99.0 166.0