7 500 354 252.0 204.0 14.0 56.0
7 500 354 295.0 198.5 14.0 55.0
7 500 354 304.0 202.0 12.0 32.0
7 500 354 271.0 246.0 20.0 78.0
7 500 354 208.5 224.0 11.0 30.0
7 500 354 206.5 246.5 15.0 35.0
7 500 354 184.5 298.0 21.0 60.0
19 500 354 274.0 170.5 86.0 75.0
19 500 354 174.5 188.5 43.0 85.0
19 500 354 133.5 205.0 51.0 122.0
19 500 354 95.0 225.5 52.0 125.0
19 500 354 55.0 242.5 104.0 175.0
19 500 354 367.5 182.5 53.0 107.0
19 500 354 442.0 152.0 40.0 42.0
19 500 354 398.0 220.0 120.0 176.0
19 500 354 427.5 251.5 145.0 187.0
9 500 354 235.5 281.0 299.0 146.0
7 500 354 319.0 284.5 20.0 61.0