7 500 375 248.5 177.5 21.0 79.0
7 500 375 272.5 197.0 25.0 84.0
7 500 375 302.5 171.0 23.0 76.0
7 500 375 294.0 128.0 20.0 54.0
7 500 375 240.0 339.5 38.0 71.0
7 500 375 262.0 327.5 32.0 95.0
19 500 375 90.5 237.5 179.0 275.0
19 500 375 124.5 152.0 163.0 204.0
19 500 375 197.5 127.5 77.0 141.0
19 500 375 445.5 235.0 109.0 280.0
19 500 375 431.0 170.5 138.0 197.0
19 500 375 365.5 141.5 67.0 141.0
19 500 375 333.5 89.5 43.0 99.0
19 500 375 289.0 70.5 56.0 69.0
19 500 375 26.5 125.5 51.0 139.0
9 500 375 290.5 235.5 291.0 279.0