9 500 375 247.0 230.0 348.0 290.0
7 500 375 257.5 182.5 19.0 35.0
7 500 375 266.5 151.0 21.0 54.0
7 500 375 286.0 140.5 16.0 53.0
19 500 375 352.5 70.0 19.0 30.0
19 500 375 358.0 98.0 52.0 72.0
19 500 375 385.0 128.0 78.0 102.0
19 500 375 399.0 152.5 74.0 113.0
19 500 375 405.5 226.5 189.0 219.0
19 500 375 297.0 61.5 40.0 43.0
19 500 375 250.5 63.5 25.0 39.0
19 500 375 240.0 79.5 42.0 45.0
19 500 375 211.0 88.5 60.0 51.0
19 500 375 185.5 103.5 115.0 79.0
19 500 375 165.0 155.0 90.0 126.0
19 500 375 126.5 182.0 109.0 154.0
19 500 375 82.5 265.0 163.0 220.0