1 500 375 311.0 254.5 102.0 113.0
1 500 375 272.5 228.0 93.0 90.0
1 500 375 160.0 234.0 112.0 106.0
19 500 375 153.0 189.5 92.0 159.0
19 500 375 256.5 166.5 59.0 81.0
19 500 375 308.0 197.0 94.0 144.0
19 500 375 18.5 122.0 27.0 52.0
19 500 375 47.5 125.0 33.0 50.0
19 500 375 76.0 123.0 26.0 50.0
19 500 375 46.5 180.0 67.0 110.0
19 500 375 86.0 183.0 50.0 96.0
19 500 375 111.5 153.0 33.0 48.0
19 500 375 351.0 132.0 34.0 42.0
19 500 375 382.5 131.5 25.0 43.0
19 500 375 407.5 167.5 35.0 119.0
19 500 375 436.5 136.0 27.0 38.0
19 500 375 471.5 170.5 49.0 109.0