7 500 333 309.0 276.0 42.0 104.0
7 500 333 251.5 265.0 37.0 98.0
7 500 333 205.0 252.0 38.0 90.0
7 500 333 164.5 242.5 37.0 85.0
7 500 333 127.5 234.0 33.0 78.0
7 500 333 88.5 213.5 39.0 105.0
7 500 333 53.0 206.5 38.0 101.0
7 500 333 25.5 202.5 29.0 95.0
7 500 333 10.0 196.0 18.0 90.0
7 500 333 393.0 156.0 44.0 122.0
7 500 333 346.5 153.5 41.0 119.0
7 500 333 308.0 148.5 38.0 109.0
7 500 333 271.0 147.0 38.0 110.0
7 500 333 241.0 141.5 32.0 93.0
7 500 333 207.5 142.0 35.0 98.0
7 500 333 181.0 140.5 28.0 89.0
7 500 333 155.0 140.0 28.0 92.0
7 500 333 124.5 138.5 35.0 81.0
7 500 333 311.0 201.0 42.0 60.0
7 500 333 228.5 221.5 37.0 121.0
7 500 333 175.5 195.0 43.0 74.0
7 500 333 129.5 188.5 39.0 71.0
7 500 333 100.0 139.0 28.0 78.0
7 500 333 78.5 137.0 31.0 78.0
7 500 333 57.5 125.0 23.0 52.0
7 500 333 406.5 64.5 45.0 127.0
7 500 333 360.0 64.5 44.0 127.0
7 500 333 319.5 66.5 49.0 131.0
7 500 333 270.0 64.5 36.0 127.0
7 500 333 231.0 63.0 36.0 124.0
7 500 333 195.0 63.0 36.0 120.0
7 500 333 164.0 65.0 30.0 118.0
7 500 333 141.5 67.0 29.0 116.0
7 500 333 119.0 66.0 26.0 110.0
7 500 333 96.0 65.0 30.0 108.0
7 500 333 74.5 65.5 27.0 109.0
7 500 333 26.5 58.5 27.0 79.0