12 400 300 382.5 79.5 35.0 35.0
12 400 300 326.0 75.5 32.0 29.0
12 400 300 270.5 73.5 31.0 27.0
12 400 300 225.0 70.5 32.0 23.0
12 400 300 177.5 69.5 25.0 25.0
12 400 300 102.5 82.0 37.0 30.0
12 400 300 56.5 87.5 45.0 31.0
12 400 300 14.5 96.0 27.0 38.0
12 400 300 86.5 139.0 81.0 70.0
12 400 300 155.5 118.5 63.0 53.0
12 400 300 208.0 105.0 46.0 44.0
12 400 300 237.0 95.0 38.0 36.0
8 400 300 237.5 267.0 153.0 66.0
8 400 300 305.5 228.5 97.0 95.0
8 400 300 372.5 151.5 41.0 67.0
8 400 300 323.5 125.5 41.0 51.0
8 400 300 275.0 142.5 44.0 49.0
8 400 300 262.0 169.5 56.0 63.0