19 500 375 324.5 57.5 77.0 113.0
19 500 375 404.0 57.0 62.0 112.0
7 500 375 334.0 97.0 14.0 38.0
7 500 375 164.0 96.5 14.0 43.0
7 500 375 128.0 98.0 16.0 44.0
19 500 375 70.0 58.5 60.0 115.0
8 500 375 468.0 173.5 64.0 113.0
8 500 375 384.5 173.0 81.0 112.0
8 500 375 103.5 172.0 77.0 104.0
8 500 375 32.5 172.5 63.0 103.0
19 500 375 211.5 202.0 231.0 276.0
19 500 375 357.0 238.0 200.0 274.0
19 500 375 471.5 315.0 57.0 120.0
19 500 375 263.0 314.0 108.0 122.0
19 500 375 135.5 322.0 87.0 106.0
19 500 375 47.0 318.5 92.0 113.0
19 500 375 176.0 83.5 122.0 67.0