19 333 500 319.5 190.5 15.0 47.0
19 333 500 271.0 204.5 26.0 25.0
19 333 500 230.0 206.5 20.0 27.0
19 333 500 203.0 198.0 20.0 44.0
19 333 500 115.5 196.0 21.0 50.0
19 333 500 134.0 200.5 18.0 45.0
19 333 500 95.0 200.0 18.0 52.0
19 333 500 78.5 197.0 21.0 58.0
19 333 500 49.0 201.5 16.0 53.0
19 333 500 35.5 205.0 15.0 62.0
19 333 500 291.5 256.5 55.0 83.0
19 333 500 172.5 270.0 35.0 40.0
19 333 500 239.0 378.5 86.0 27.0
19 333 500 115.5 240.0 41.0 60.0
19 333 500 136.0 229.5 30.0 39.0
19 333 500 71.5 264.5 41.0 55.0
19 333 500 92.5 299.0 45.0 80.0
1 333 500 176.0 375.0 64.0 40.0
1 333 500 288.5 291.5 65.0 35.0