19 500 399 71.0 162.5 48.0 91.0
19 500 399 157.5 170.5 57.0 129.0
19 500 399 249.5 157.5 57.0 143.0
19 500 399 333.5 127.5 75.0 75.0
19 500 399 59.5 210.0 59.0 72.0
19 500 399 113.0 208.0 42.0 50.0
19 500 399 200.5 218.0 47.0 106.0
19 500 399 343.0 191.5 62.0 81.0
19 500 399 411.5 178.5 49.0 63.0
17 500 399 24.0 303.0 44.0 162.0
17 500 399 65.5 297.0 115.0 158.0
17 500 399 127.5 303.0 65.0 140.0
17 500 399 197.0 283.0 98.0 148.0
17 500 399 323.0 265.5 154.0 163.0
17 500 399 396.5 255.0 157.0 166.0