7 500 333 45.0 77.5 52.0 139.0
7 500 333 97.5 78.0 49.0 136.0
7 500 333 148.0 78.0 48.0 138.0
7 500 333 198.5 83.5 41.0 127.0
7 500 333 244.5 85.0 45.0 126.0
7 500 333 297.0 85.5 50.0 127.0
7 500 333 350.0 84.5 46.0 125.0
7 500 333 400.0 84.0 46.0 126.0
7 500 333 453.0 85.5 48.0 127.0
7 500 333 42.5 257.0 45.0 124.0
7 500 333 91.5 257.0 45.0 124.0
7 500 333 142.0 258.0 42.0 120.0
7 500 333 193.0 258.0 40.0 124.0
7 500 333 241.5 257.0 43.0 122.0
7 500 333 293.5 243.0 45.0 122.0
7 500 333 346.0 257.0 42.0 122.0
7 500 333 395.0 254.5 44.0 123.0
7 500 333 447.0 256.0 42.0 122.0