7 500 375 166.0 74.5 30.0 99.0
7 500 375 205.0 65.0 40.0 126.0
7 500 375 246.5 64.5 39.0 125.0
7 500 375 288.5 64.5 41.0 127.0
7 500 375 332.0 64.0 40.0 124.0
7 500 375 373.5 64.0 41.0 126.0
7 500 375 416.0 65.0 40.0 126.0
7 500 375 455.0 63.5 34.0 125.0
7 500 375 486.5 63.0 27.0 124.0
7 500 375 38.0 276.0 68.0 192.0
7 500 375 95.5 274.5 67.0 187.0
7 500 375 112.5 213.0 39.0 106.0
7 500 375 153.5 265.5 61.0 191.0
7 500 375 174.0 191.5 36.0 63.0
7 500 375 212.0 270.5 58.0 193.0
7 500 375 298.5 202.0 35.0 70.0
7 500 375 357.0 204.0 34.0 74.0
7 500 375 358.0 187.0 42.0 76.0
7 500 375 265.5 271.5 59.0 187.0
7 500 375 322.5 271.0 55.0 188.0
7 500 375 382.0 272.0 60.0 184.0
7 500 375 441.0 264.0 60.0 202.0
7 500 375 484.0 273.0 32.0 184.0