4 500 339 172.5 217.5 109.0 75.0
19 500 339 456.5 215.0 37.0 112.0
19 500 339 483.5 214.5 33.0 117.0
19 500 339 408.5 205.0 41.0 114.0
19 500 339 337.5 197.5 51.0 101.0
19 500 339 386.0 202.0 16.0 106.0
19 500 339 371.5 203.0 21.0 102.0
19 500 339 252.5 198.5 23.0 75.0
19 500 339 289.0 200.0 24.0 76.0
19 500 339 270.5 200.0 17.0 68.0
19 500 339 316.5 203.5 23.0 75.0
19 500 339 230.5 200.0 37.0 68.0
19 500 339 66.0 228.0 130.0 222.0
19 500 339 349.0 99.0 34.0 60.0
19 500 339 399.0 87.0 32.0 58.0
19 500 339 370.0 95.0 18.0 58.0