8 500 375 432.5 306.5 79.0 137.0
8 500 375 331.5 279.5 73.0 121.0
8 500 375 189.5 277.0 81.0 126.0
8 500 375 179.5 264.5 57.0 119.0
8 500 375 61.5 296.5 91.0 111.0
19 500 375 208.5 196.0 53.0 78.0
19 500 375 189.0 164.5 38.0 43.0
19 500 375 145.0 172.5 50.0 55.0
19 500 375 110.5 171.0 45.0 66.0
19 500 375 89.0 209.0 34.0 56.0
19 500 375 57.5 177.5 19.0 33.0
19 500 375 67.0 246.0 124.0 208.0
19 500 375 305.5 172.5 29.0 51.0
19 500 375 321.0 181.5 54.0 59.0
19 500 375 353.5 247.5 79.0 157.0
19 500 375 485.0 243.0 30.0 146.0
19 500 375 417.0 259.5 124.0 207.0