8 500 315 441.5 187.0 77.0 98.0
8 500 315 374.0 186.0 54.0 90.0
8 500 315 311.5 178.0 59.0 82.0
8 500 315 230.0 228.0 82.0 132.0
8 500 315 115.0 253.0 100.0 122.0
8 500 315 44.5 245.5 85.0 113.0
9 500 315 143.5 216.5 151.0 117.0
19 500 315 137.0 124.5 18.0 31.0
19 500 315 155.5 121.0 23.0 28.0
19 500 315 178.5 118.5 25.0 27.0
19 500 315 214.0 118.0 20.0 24.0
19 500 315 250.5 138.0 31.0 58.0
19 500 315 220.0 179.0 78.0 112.0
19 500 315 129.5 143.0 37.0 44.0
19 500 315 80.5 154.5 47.0 49.0
19 500 315 36.0 185.5 66.0 113.0
19 500 315 293.5 119.5 33.0 35.0
19 500 315 341.0 114.5 30.0 33.0
19 500 315 379.5 114.5 41.0 33.0
19 500 315 416.5 115.0 29.0 32.0
19 500 315 449.5 121.0 55.0 42.0
19 500 315 430.5 162.0 67.0 118.0
19 500 315 322.0 159.5 48.0 109.0
10 500 315 471.5 83.0 57.0 104.0