4 500 375 165.5 182.5 37.0 25.0
4 500 375 131.5 186.5 37.0 33.0
19 500 375 350.0 202.5 16.0 37.0
19 500 375 120.0 190.0 24.0 20.0
19 500 375 153.0 202.5 22.0 51.0
19 500 375 206.5 205.5 21.0 45.0
5 500 375 53.0 263.0 62.0 74.0
5 500 375 126.5 271.5 57.0 75.0
5 500 375 195.5 295.0 59.0 92.0
5 500 375 282.0 321.5 76.0 101.0
5 500 375 239.0 237.0 46.0 58.0
5 500 375 98.0 243.0 38.0 60.0
19 500 375 285.0 287.0 58.0 114.0
19 500 375 198.5 267.5 43.0 93.0
19 500 375 128.5 244.0 49.0 80.0
19 500 375 59.5 238.0 47.0 84.0
19 500 375 99.0 223.5 32.0 65.0
4 500 375 436.0 260.0 128.0 128.0
19 500 375 15.5 200.5 19.0 49.0
19 500 375 37.0 196.0 22.0 26.0
19 500 375 74.0 186.0 18.0 22.0
19 500 375 238.0 220.0 32.0 60.0