16 375 500 258.0 294.5 72.0 171.0
19 375 500 230.0 158.5 110.0 259.0
10 375 500 56.5 436.5 111.0 127.0
10 375 500 319.0 293.0 52.0 52.0
10 375 500 360.0 278.0 30.0 58.0
10 375 500 103.0 309.5 62.0 49.0
10 375 500 116.5 271.5 47.0 51.0
10 375 500 134.0 222.5 46.0 73.0
10 375 500 154.0 173.5 38.0 31.0
10 375 500 157.0 139.0 44.0 46.0
10 375 500 161.5 103.0 35.0 42.0
10 375 500 286.5 186.0 39.0 48.0
10 375 500 30.5 460.5 59.0 79.0
10 375 500 293.0 152.0 22.0 36.0
10 375 500 183.5 46.5 63.0 91.0
10 375 500 124.0 63.5 34.0 53.0
10 375 500 322.5 250.0 69.0 150.0
16 375 500 141.0 295.0 158.0 256.0