19 500 375 125.5 220.5 47.0 149.0
19 500 375 245.0 218.5 42.0 125.0
19 500 375 294.5 219.0 47.0 126.0
19 500 375 345.5 216.5 43.0 129.0
19 500 375 427.5 185.0 49.0 72.0
19 500 375 41.5 233.5 41.0 159.0
19 500 375 205.5 223.5 37.0 135.0
19 500 375 82.0 220.0 52.0 128.0
8 500 375 76.5 327.5 85.0 89.0
8 500 375 159.5 329.0 85.0 92.0
8 500 375 250.5 323.5 71.0 89.0
8 500 375 325.0 323.0 68.0 94.0
8 500 375 435.5 342.0 83.0 66.0
8 500 375 325.5 344.0 59.0 62.0
8 500 375 249.0 345.0 88.0 60.0
8 500 375 138.5 346.0 89.0 58.0
8 500 375 38.0 345.0 74.0 60.0
8 500 375 415.5 259.0 51.0 84.0