1 500 375 357.5 223.5 129.0 75.0
1 500 375 194.0 220.5 96.0 67.0
1 500 375 101.0 215.5 72.0 57.0
1 500 375 24.5 215.5 47.0 53.0
19 500 375 358.0 189.5 72.0 111.0
19 500 375 188.0 195.5 56.0 105.0
19 500 375 94.5 195.5 41.0 81.0
19 500 375 15.5 188.0 29.0 60.0
19 500 375 473.0 168.5 28.0 69.0
19 500 375 440.5 172.5 21.0 57.0
19 500 375 425.0 164.0 18.0 64.0
19 500 375 403.0 166.5 22.0 63.0
19 500 375 314.5 172.5 15.0 59.0
19 500 375 232.0 169.5 22.0 53.0
19 500 375 63.5 175.5 11.0 43.0
19 500 375 53.0 175.5 12.0 43.0