4 500 375 301.0 123.0 80.0 78.0
4 500 375 163.5 148.0 101.0 80.0
4 500 375 298.5 91.0 83.0 58.0
4 500 375 189.5 109.5 93.0 87.0
4 500 375 294.0 61.5 76.0 45.0
4 500 375 298.5 34.0 57.0 52.0
4 500 375 313.5 25.0 55.0 48.0
4 500 375 73.0 116.5 100.0 77.0
4 500 375 424.0 324.5 152.0 101.0
4 500 375 436.5 226.0 127.0 106.0
4 500 375 467.0 154.5 66.0 45.0
4 500 375 456.0 143.0 88.0 68.0
4 500 375 443.0 111.0 86.0 80.0
4 500 375 432.0 85.0 76.0 62.0
4 500 375 411.5 38.5 69.0 75.0
4 500 375 488.0 48.5 24.0 61.0
4 500 375 476.5 23.5 47.0 45.0
4 500 375 22.0 149.5 42.0 67.0
3 500 375 205.0 43.5 144.0 85.0
5 500 375 75.0 319.0 52.0 94.0
5 500 375 261.5 215.5 53.0 79.0
5 500 375 135.5 103.5 31.0 43.0
19 500 375 85.5 286.5 59.0 105.0
19 500 375 260.5 195.5 49.0 87.0
5 500 375 152.5 208.0 59.0 68.0
19 500 375 150.5 189.0 47.0 88.0
19 500 375 134.5 75.5 29.0 35.0