10 500 375 465.0 266.5 70.0 111.0
10 500 375 31.0 146.0 60.0 84.0
10 500 375 79.0 158.0 54.0 50.0
10 500 375 127.0 132.5 60.0 35.0
10 500 375 207.0 148.0 56.0 56.0
10 500 375 262.5 142.5 71.0 63.0
10 500 375 328.0 153.0 36.0 36.0
10 500 375 399.5 144.5 47.0 43.0
10 500 375 444.5 138.5 45.0 51.0
10 500 375 412.0 298.5 52.0 67.0
10 500 375 377.5 263.5 79.0 161.0
10 500 375 345.0 322.5 34.0 57.0
10 500 375 304.0 288.0 62.0 82.0
10 500 375 262.5 346.0 45.0 58.0
10 500 375 175.0 246.0 292.0 202.0
10 500 375 73.0 348.0 60.0 54.0