19 500 266 373.0 147.5 42.0 89.0
19 500 266 310.0 166.0 88.0 66.0
19 500 266 329.5 116.5 25.0 97.0
19 500 266 399.0 120.5 34.0 107.0
19 500 266 370.5 95.5 33.0 63.0
19 500 266 301.5 136.0 37.0 72.0
19 500 266 299.5 96.5 27.0 63.0
19 500 266 255.0 143.0 22.0 60.0
19 500 266 237.0 139.5 18.0 65.0
19 500 266 60.0 149.5 54.0 99.0
19 500 266 150.0 166.0 86.0 74.0
19 500 266 153.0 143.0 56.0 84.0
19 500 266 176.5 124.5 27.0 95.0
19 500 266 207.0 121.0 36.0 98.0
19 500 266 235.0 124.5 36.0 95.0
19 500 266 109.5 126.0 41.0 108.0
19 500 266 84.0 122.5 30.0 109.0