9 500 375 196.0 308.0 288.0 134.0
19 500 375 357.0 259.0 178.0 232.0
19 500 375 327.0 228.5 108.0 115.0
19 500 375 318.5 232.0 99.0 144.0
19 500 375 291.5 191.5 63.0 99.0
19 500 375 254.0 185.0 40.0 62.0
19 500 375 194.0 184.5 78.0 75.0
19 500 375 133.5 190.5 59.0 81.0
19 500 375 169.5 138.5 91.0 77.0
19 500 375 207.5 142.0 63.0 108.0
19 500 375 264.0 139.0 168.0 114.0
19 500 375 320.5 135.5 79.0 89.0
19 500 375 66.5 139.5 107.0 123.0
19 500 375 92.5 209.5 75.0 109.0
19 500 375 49.0 234.5 96.0 153.0
7 500 375 229.0 223.5 26.0 67.0
7 500 375 171.0 222.5 24.0 41.0
7 500 375 149.0 213.5 28.0 57.0
7 500 375 195.0 252.0 22.0 74.0
7 500 375 168.0 269.5 18.0 57.0