7 500 375 93.0 354.0 30.0 42.0
7 500 375 42.0 347.5 28.0 55.0
7 500 375 14.0 356.5 16.0 37.0
19 500 375 256.0 259.0 166.0 212.0
19 500 375 358.5 297.5 131.0 155.0
19 500 375 270.5 289.0 131.0 172.0
19 500 375 71.5 241.5 123.0 255.0
19 500 375 112.5 239.5 101.0 219.0
19 500 375 178.5 140.5 35.0 49.0
19 500 375 335.5 183.0 85.0 138.0
19 500 375 339.5 133.0 57.0 94.0
19 500 375 175.5 244.5 113.0 247.0
19 500 375 158.0 113.0 36.0 46.0
19 500 375 223.0 133.5 30.0 75.0
19 500 375 282.0 153.5 74.0 119.0