12 500 333 464.5 185.0 71.0 122.0
19 500 333 370.5 103.5 45.0 83.0
19 500 333 423.5 130.0 77.0 164.0
19 500 333 341.0 127.0 54.0 120.0
19 500 333 297.5 136.0 43.0 126.0
19 500 333 256.0 118.0 50.0 110.0
19 500 333 220.0 130.0 40.0 118.0
19 500 333 189.0 127.5 36.0 97.0
19 500 333 145.5 136.5 55.0 45.0
19 500 333 138.5 158.0 43.0 54.0
19 500 333 207.5 200.0 45.0 114.0
19 500 333 266.5 207.5 77.0 101.0
19 500 333 319.5 221.5 67.0 105.0
19 500 333 374.0 256.5 88.0 117.0
19 500 333 307.5 258.5 89.0 127.0
19 500 333 253.0 228.0 96.0 136.0
19 500 333 173.0 234.0 80.0 152.0
19 500 333 85.5 223.5 113.0 195.0
19 500 333 117.5 179.5 73.0 95.0