7 500 375 10.0 282.5 18.0 53.0
7 500 375 23.5 281.5 21.0 55.0
7 500 375 37.5 282.0 23.0 54.0
7 500 375 53.0 281.0 20.0 54.0
7 500 375 67.0 281.5 18.0 53.0
7 500 375 83.0 281.0 20.0 54.0
7 500 375 97.0 280.0 18.0 54.0
7 500 375 111.0 279.0 18.0 54.0
7 500 375 125.5 280.5 19.0 53.0
7 500 375 140.5 279.0 19.0 54.0
7 500 375 155.5 277.5 19.0 55.0
7 500 375 171.0 277.0 18.0 54.0
7 500 375 185.5 277.5 17.0 53.0
7 500 375 199.5 277.0 19.0 54.0
7 500 375 214.0 276.5 16.0 55.0
7 500 375 228.5 276.0 17.0 54.0
7 500 375 244.0 276.5 18.0 55.0
7 500 375 321.5 77.0 17.0 44.0
19 500 375 285.0 225.0 328.0 300.0
19 500 375 450.0 269.5 100.0 211.0