13 500 336 264.0 80.0 42.0 26.0
13 500 336 289.5 288.0 33.0 20.0
13 500 336 329.5 276.0 27.0 16.0
13 500 336 419.5 274.5 27.0 19.0
13 500 336 476.0 262.5 22.0 15.0
13 500 336 466.0 261.0 22.0 16.0
13 500 336 447.5 245.0 19.0 14.0
13 500 336 329.0 242.5 20.0 13.0
13 500 336 315.5 239.5 21.0 15.0
13 500 336 294.5 237.5 17.0 15.0
13 500 336 183.0 252.0 24.0 16.0
13 500 336 108.0 245.0 20.0 14.0
13 500 336 88.0 237.5 20.0 15.0
13 500 336 33.5 231.5 19.0 17.0
13 500 336 60.5 229.0 17.0 14.0
13 500 336 147.0 229.5 22.0 15.0