9 500 375 373.5 324.5 253.0 101.0
8 500 375 102.0 306.5 202.0 137.0
8 500 375 459.5 245.5 49.0 69.0
9 500 375 232.5 204.0 45.0 26.0
19 500 375 49.5 156.5 59.0 135.0
10 500 375 298.5 111.5 9.0 15.0
10 500 375 284.0 107.0 18.0 24.0
10 500 375 235.0 106.5 38.0 27.0
8 500 375 356.0 244.0 172.0 70.0
19 500 375 148.5 157.0 29.0 26.0
19 500 375 384.5 153.5 19.0 21.0
19 500 375 257.5 160.0 29.0 46.0
19 500 375 272.0 190.0 80.0 136.0
19 500 375 353.0 186.5 122.0 185.0
19 500 375 145.5 244.0 209.0 262.0
10 500 375 84.0 179.0 32.0 54.0