9 500 375 262.5 250.5 203.0 101.0
8 500 375 237.0 337.5 122.0 75.0
19 500 375 352.5 272.0 159.0 134.0
8 500 375 355.0 321.5 116.0 107.0
19 500 375 438.5 225.0 53.0 96.0
8 500 375 445.0 277.0 36.0 104.0
8 500 375 135.5 312.0 101.0 124.0
19 500 375 153.0 241.0 158.0 132.0
19 500 375 253.0 174.0 40.0 52.0
19 500 375 341.0 200.0 56.0 70.0
19 500 375 122.5 205.0 57.0 78.0
19 500 375 180.0 183.5 48.0 53.0
19 500 375 324.5 186.5 51.0 59.0
7 500 375 220.0 213.0 10.0 34.0
7 500 375 175.0 197.0 10.0 26.0
19 500 375 144.5 202.0 69.0 84.0
8 500 375 76.5 231.0 21.0 78.0