2 500 331 250.5 166.0 499.0 330.0
8 500 331 447.0 278.5 96.0 97.0
8 500 331 364.0 289.5 98.0 83.0
8 500 331 260.5 294.5 95.0 73.0
8 500 331 184.0 245.0 64.0 108.0
19 500 331 490.0 147.5 20.0 53.0
19 500 331 476.5 147.0 47.0 62.0
19 500 331 448.5 183.5 65.0 83.0
19 500 331 448.5 222.5 89.0 121.0
19 500 331 367.5 167.5 55.0 63.0
19 500 331 355.5 251.5 95.0 139.0
19 500 331 328.0 148.5 26.0 41.0
19 500 331 309.5 162.5 47.0 67.0
19 500 331 261.5 177.5 53.0 65.0
19 500 331 267.0 250.5 90.0 139.0
19 500 331 204.0 228.5 52.0 147.0
9 500 331 323.0 219.0 192.0 64.0