12 500 375 30.0 113.5 58.0 79.0
12 500 375 81.0 110.0 72.0 72.0
12 500 375 148.0 116.5 72.0 69.0
12 500 375 217.5 108.0 73.0 74.0
12 500 375 284.5 116.0 63.0 62.0
12 500 375 360.0 104.5 82.0 75.0
12 500 375 438.5 98.5 79.0 73.0
12 500 375 491.5 105.0 17.0 80.0
12 500 375 26.5 168.0 51.0 60.0
12 500 375 82.0 178.0 72.0 70.0
12 500 375 149.0 175.5 66.0 53.0
12 500 375 217.5 171.0 73.0 64.0
12 500 375 283.5 180.0 63.0 66.0
12 500 375 349.0 175.5 76.0 73.0
12 500 375 423.0 167.5 72.0 67.0
12 500 375 486.0 179.0 28.0 72.0
12 500 375 18.5 224.0 35.0 68.0
12 500 375 70.0 229.5 72.0 69.0
12 500 375 141.0 236.0 66.0 72.0
12 500 375 207.5 229.5 75.0 71.0
12 500 375 281.0 233.0 74.0 66.0
12 500 375 358.5 235.0 79.0 74.0
12 500 375 430.0 226.5 68.0 75.0
12 500 375 489.0 238.0 22.0 78.0
12 500 375 28.0 296.5 54.0 73.0
12 500 375 92.5 292.5 91.0 65.0
12 500 375 194.5 283.5 85.0 83.0
12 500 375 270.5 290.5 69.0 71.0
12 500 375 348.5 296.5 71.0 69.0
12 500 375 423.0 289.5 82.0 55.0
12 500 375 482.5 300.0 35.0 60.0
12 500 375 21.5 340.0 41.0 22.0
12 500 375 85.0 338.0 86.0 40.0
12 500 375 176.5 341.5 85.0 41.0
12 500 375 268.5 349.5 85.0 51.0
12 500 375 356.5 356.0 93.0 38.0
12 500 375 354.5 345.0 65.0 44.0
12 500 375 433.5 357.0 61.0 36.0
12 500 375 484.0 335.5 32.0 15.0