9 500 375 184.0 297.0 300.0 156.0
8 500 375 273.5 297.5 129.0 155.0
8 500 375 301.5 217.0 51.0 56.0
8 500 375 224.5 209.5 39.0 45.0
8 500 375 92.0 215.0 50.0 42.0
8 500 375 71.5 296.0 111.0 158.0
8 500 375 121.0 301.0 138.0 148.0
8 500 375 41.0 202.0 28.0 40.0
8 500 375 7.5 209.0 13.0 40.0
10 500 375 377.0 18.0 62.0 34.0
10 500 375 245.0 52.0 82.0 72.0
10 500 375 395.5 223.0 69.0 68.0
7 500 375 355.0 71.5 16.0 41.0
7 500 375 346.5 72.0 13.0 38.0
7 500 375 339.0 74.0 12.0 38.0
10 500 375 399.0 62.5 46.0 35.0