7 500 375 148.0 222.0 72.0 220.0
7 500 375 215.0 209.0 62.0 208.0
7 500 375 271.0 196.0 62.0 200.0
7 500 375 318.0 171.5 48.0 187.0
7 500 375 362.5 181.0 85.0 186.0
7 500 375 119.0 190.5 54.0 211.0
7 500 375 184.5 113.5 53.0 77.0
7 500 375 244.5 103.0 43.0 64.0
7 500 375 364.5 90.5 47.0 47.0
7 500 375 11.5 79.5 21.0 157.0
7 500 375 52.5 75.0 81.0 148.0
7 500 375 50.0 211.0 70.0 130.0
7 500 375 12.5 224.5 23.0 127.0
7 500 375 14.0 337.0 26.0 76.0
7 500 375 51.5 324.5 65.0 101.0
7 500 375 148.5 353.5 55.0 43.0
7 500 375 206.0 349.5 54.0 51.0
7 500 375 258.5 346.0 47.0 58.0
7 500 375 308.0 337.0 44.0 76.0
7 500 375 348.0 333.0 54.0 84.0
7 500 375 394.0 325.0 46.0 100.0