9 500 372 146.5 253.5 45.0 37.0
19 500 372 107.5 302.5 63.0 131.0
19 500 372 175.5 256.0 45.0 52.0
19 500 372 206.5 306.5 87.0 131.0
19 500 372 226.5 247.5 23.0 29.0
19 500 372 257.0 284.0 54.0 96.0
9 500 372 156.5 295.5 79.0 27.0
9 500 372 243.5 228.5 29.0 25.0
19 500 372 289.0 222.0 24.0 44.0
19 500 372 282.5 264.5 49.0 113.0
19 500 372 316.0 258.5 30.0 107.0
19 500 372 351.5 258.5 47.0 103.0
9 500 372 302.0 280.5 42.0 73.0
19 500 372 493.0 177.5 14.0 31.0
19 500 372 402.5 217.5 23.0 19.0
19 500 372 384.0 235.5 36.0 57.0
19 500 372 419.0 233.5 30.0 45.0
19 500 372 477.0 209.0 30.0 30.0
19 500 372 481.0 226.5 38.0 47.0
19 500 372 469.5 232.0 53.0 46.0
4 500 372 432.5 202.5 135.0 39.0
9 500 372 424.5 238.5 67.0 27.0
9 500 372 448.5 270.5 103.0 31.0
9 500 372 431.5 329.5 137.0 85.0