8 500 375 372.5 146.5 29.0 39.0
8 500 375 376.0 173.5 28.0 35.0
8 500 375 478.0 287.5 44.0 65.0
8 500 375 434.0 253.0 42.0 54.0
8 500 375 430.5 219.5 35.0 51.0
8 500 375 361.0 194.5 34.0 45.0
8 500 375 372.5 263.0 35.0 52.0
8 500 375 326.0 189.5 28.0 49.0
8 500 375 341.5 291.5 35.0 53.0
8 500 375 306.5 319.0 41.0 54.0
8 500 375 256.0 342.0 36.0 56.0
8 500 375 217.0 344.5 38.0 61.0
8 500 375 275.0 265.0 34.0 56.0
8 500 375 234.5 205.0 29.0 50.0
8 500 375 245.5 158.5 31.0 45.0
8 500 375 186.5 144.5 25.0 39.0
8 500 375 156.5 169.0 25.0 52.0
8 500 375 171.0 239.0 34.0 54.0