12 500 375 24.0 167.0 20.0 26.0
12 500 375 68.5 165.0 27.0 26.0
8 500 375 80.5 212.0 47.0 64.0
8 500 375 135.0 201.5 42.0 55.0
19 500 375 118.5 161.5 23.0 35.0
19 500 375 133.5 170.5 41.0 51.0
19 500 375 193.0 167.0 50.0 36.0
19 500 375 195.5 208.5 55.0 99.0
8 500 375 190.0 237.0 54.0 84.0
12 500 375 282.5 177.5 33.0 29.0
12 500 375 253.0 174.0 16.0 32.0
12 500 375 360.5 177.5 39.0 35.0
19 500 375 373.0 224.0 72.0 122.0
8 500 375 398.0 259.0 76.0 118.0
19 500 375 442.5 212.0 67.0 122.0
8 500 375 466.0 234.5 54.0 85.0
19 500 375 385.5 156.0 23.0 26.0
19 500 375 71.5 187.0 29.0 74.0