19 500 375 478.0 330.0 44.0 90.0
8 500 375 448.5 351.5 43.0 47.0
8 500 375 420.5 337.0 37.0 58.0
8 500 375 388.5 323.5 65.0 49.0
8 500 375 386.0 363.0 68.0 24.0
8 500 375 364.5 351.5 37.0 47.0
8 500 375 324.0 331.5 30.0 39.0
8 500 375 297.5 320.5 29.0 35.0
8 500 375 239.0 359.5 70.0 31.0
8 500 375 216.0 348.5 54.0 41.0
8 500 375 197.0 339.5 52.0 57.0
8 500 375 110.5 347.0 51.0 52.0
8 500 375 84.5 356.0 73.0 38.0
9 500 375 424.5 311.0 69.0 28.0
9 500 375 243.5 327.0 71.0 16.0
9 500 375 269.0 343.0 84.0 24.0
9 500 375 305.5 360.0 97.0 26.0
9 500 375 50.0 344.0 70.0 22.0
9 500 375 24.5 364.0 47.0 22.0