18 375 500 96.5 380.5 117.0 79.0
18 375 500 124.5 329.5 55.0 33.0
18 375 500 225.0 315.0 48.0 32.0
18 375 500 288.0 312.0 42.0 40.0
18 375 500 334.5 298.5 53.0 33.0
18 375 500 267.0 304.5 38.0 27.0
18 375 500 242.5 304.0 15.0 22.0
18 375 500 283.0 272.5 16.0 9.0
18 375 500 143.5 292.0 7.0 10.0
18 375 500 14.5 315.5 13.0 9.0
18 375 500 185.0 292.0 14.0 6.0
18 375 500 200.0 282.5 10.0 11.0
18 375 500 220.0 281.5 16.0 11.0
18 375 500 167.5 280.0 13.0 10.0
18 375 500 118.0 288.0 8.0 10.0
18 375 500 62.0 291.0 10.0 8.0