8 500 333 322.5 197.5 35.0 7.0
8 500 333 400.5 214.5 33.0 27.0
8 500 333 401.0 267.5 22.0 87.0
8 500 333 362.5 275.5 59.0 89.0
8 500 333 331.5 290.0 89.0 86.0
8 500 333 243.0 308.0 90.0 50.0
8 500 333 124.0 293.5 108.0 79.0
19 500 333 261.5 151.5 17.0 35.0
19 500 333 290.5 162.5 51.0 81.0
19 500 333 262.5 186.5 39.0 45.0
7 500 333 324.5 191.0 9.0 20.0
7 500 333 302.5 210.5 13.0 33.0
7 500 333 244.0 216.0 12.0 36.0
19 500 333 204.5 195.0 45.0 62.0
19 500 333 158.5 242.5 71.0 139.0
19 500 333 137.5 258.5 115.0 149.0
19 500 333 460.0 122.5 20.0 13.0
19 500 333 453.5 210.5 93.0 245.0
10 500 333 458.0 171.5 84.0 323.0
9 500 333 269.0 266.5 260.0 133.0