9 500 366 21.0 301.5 40.0 49.0
8 500 366 34.5 315.5 63.0 101.0
8 500 366 472.5 344.0 55.0 44.0
8 500 366 477.0 300.0 46.0 56.0
9 500 366 450.5 302.0 97.0 98.0
8 500 366 390.5 297.5 53.0 105.0
8 500 366 307.0 260.0 36.0 28.0
8 500 366 336.5 313.5 69.0 105.0
8 500 366 228.0 307.0 40.0 108.0
8 500 366 269.5 319.0 73.0 94.0
9 500 366 295.5 310.0 131.0 112.0
8 500 366 117.5 209.5 23.0 39.0
8 500 366 153.5 220.5 37.0 51.0
19 500 366 163.0 201.5 36.0 61.0
19 500 366 171.0 185.5 18.0 29.0
19 500 366 312.0 168.5 24.0 29.0
19 500 366 356.0 172.0 26.0 20.0