9 500 375 238.5 298.5 267.0 153.0
8 500 375 272.5 314.0 85.0 122.0
8 500 375 111.5 311.0 125.0 128.0
19 500 375 416.0 267.5 128.0 215.0
19 500 375 372.5 201.0 67.0 72.0
19 500 375 313.0 190.5 64.0 75.0
19 500 375 227.0 193.0 60.0 64.0
19 500 375 142.0 199.5 76.0 61.0
19 500 375 89.5 267.5 101.0 191.0
8 500 375 102.0 160.0 42.0 56.0
8 500 375 90.5 200.5 33.0 45.0
8 500 375 52.5 332.0 57.0 86.0
8 500 375 19.0 240.5 36.0 81.0
19 500 375 23.0 291.5 44.0 167.0
10 500 375 374.5 140.5 121.0 131.0
10 500 375 42.5 143.0 17.0 26.0