9 500 375 274.0 263.5 210.0 223.0
19 500 375 399.5 296.0 127.0 158.0
8 500 375 478.0 346.5 44.0 57.0
8 500 375 90.0 315.0 30.0 120.0
19 500 375 153.5 216.0 77.0 116.0
19 500 375 72.5 212.0 61.0 194.0
19 500 375 191.0 208.5 58.0 111.0
19 500 375 346.0 249.5 106.0 149.0
19 500 375 324.5 200.0 73.0 76.0
19 500 375 324.5 173.0 25.0 60.0
19 500 375 209.0 173.5 34.0 59.0
19 500 375 309.0 180.5 26.0 65.0
19 500 375 202.0 136.0 30.0 38.0
19 500 375 306.0 142.5 18.0 17.0
19 500 375 296.0 150.5 18.0 49.0
19 500 375 282.0 141.0 10.0 34.0
8 500 375 465.0 317.5 40.0 115.0
19 500 375 233.0 144.0 10.0 16.0
19 500 375 221.5 142.0 17.0 12.0
19 500 375 176.5 287.5 151.0 175.0
10 500 375 71.5 204.0 81.0 124.0