19 500 325 148.0 180.5 32.0 75.0
19 500 325 172.0 182.5 36.0 93.0
19 500 325 201.5 182.0 41.0 88.0
19 500 325 229.5 181.0 37.0 94.0
19 500 325 258.0 177.5 40.0 91.0
19 500 325 286.5 174.0 31.0 90.0
19 500 325 310.5 180.0 51.0 96.0
19 500 325 367.0 214.5 70.0 207.0
19 500 325 323.0 257.0 66.0 106.0
19 500 325 281.5 246.5 67.0 111.0
19 500 325 237.0 247.5 60.0 105.0
19 500 325 208.5 250.0 41.0 94.0
19 500 325 176.5 249.0 51.0 98.0
19 500 325 154.0 248.0 34.0 94.0
19 500 325 119.0 255.5 58.0 103.0
19 500 325 112.5 216.0 57.0 168.0
19 500 325 419.5 23.5 9.0 21.0
19 500 325 496.0 188.0 8.0 44.0