7 500 375 240.5 301.5 45.0 93.0
8 500 375 307.0 101.5 42.0 53.0
8 500 375 355.0 132.0 78.0 100.0
8 500 375 351.5 146.5 71.0 109.0
8 500 375 115.5 228.5 53.0 65.0
8 500 375 176.5 204.0 33.0 68.0
19 500 375 95.5 107.0 115.0 146.0
19 500 375 197.5 62.0 69.0 68.0
19 500 375 181.0 126.0 102.0 164.0
9 500 375 126.5 146.0 113.0 120.0
9 500 375 421.5 121.0 143.0 88.0
19 500 375 337.5 97.5 63.0 131.0
19 500 375 82.5 254.0 163.0 242.0
19 500 375 248.0 151.0 140.0 172.0
19 500 375 437.0 154.5 126.0 179.0
9 500 375 300.0 293.5 400.0 163.0