10 500 375 215.5 172.0 41.0 50.0
10 500 375 137.0 180.5 42.0 45.0
8 500 375 116.0 191.0 36.0 44.0
8 500 375 165.5 188.0 39.0 58.0
8 500 375 129.0 194.0 28.0 50.0
8 500 375 190.0 190.0 28.0 40.0
8 500 375 239.5 206.5 31.0 65.0
8 500 375 275.0 210.5 36.0 63.0
8 500 375 224.5 223.0 41.0 68.0
8 500 375 186.0 212.5 42.0 61.0
8 500 375 201.5 232.5 51.0 79.0
8 500 375 332.0 249.0 62.0 84.0
8 500 375 313.5 200.0 27.0 54.0
8 500 375 351.5 184.0 33.0 26.0
8 500 375 346.0 218.0 42.0 68.0
8 500 375 374.5 214.5 39.0 59.0
8 500 375 260.0 176.0 22.0 26.0
8 500 375 445.0 187.0 22.0 40.0
8 500 375 412.0 190.5 26.0 45.0
8 500 375 395.5 187.0 25.0 40.0