8 500 375 62.5 224.0 63.0 92.0
8 500 375 90.0 246.0 52.0 108.0
8 500 375 140.5 271.5 83.0 123.0
8 500 375 173.0 304.0 98.0 136.0
8 500 375 247.0 324.0 154.0 100.0
8 500 375 378.0 229.5 64.0 45.0
8 500 375 277.5 201.5 47.0 25.0
8 500 375 200.0 180.5 32.0 19.0
9 500 375 310.0 272.5 378.0 205.0
19 500 375 30.5 141.0 37.0 100.0
19 500 375 64.0 166.5 46.0 153.0
19 500 375 123.5 175.5 59.0 85.0
19 500 375 207.0 140.0 40.0 100.0
19 500 375 287.0 138.0 38.0 112.0
19 500 375 314.5 164.0 61.0 118.0
19 500 375 430.0 273.5 140.0 203.0
19 500 375 276.0 295.0 210.0 156.0