7 500 374 284.0 227.5 104.0 81.0
19 500 374 184.5 221.5 297.0 305.0
19 500 374 361.0 223.5 150.0 225.0
7 500 374 199.0 42.0 14.0 46.0
7 500 374 186.0 40.5 12.0 47.0
7 500 374 171.5 41.0 13.0 46.0
7 500 374 157.0 38.5 14.0 45.0
7 500 374 142.0 38.0 12.0 46.0
7 500 374 129.0 37.5 14.0 49.0
7 500 374 113.0 36.0 18.0 50.0
7 500 374 98.5 36.0 15.0 50.0
7 500 374 83.0 34.0 14.0 48.0
7 500 374 67.0 35.0 14.0 48.0
7 500 374 43.0 33.0 18.0 48.0
7 500 374 26.0 32.5 16.0 47.0
7 500 374 7.5 34.0 13.0 46.0
7 500 374 143.0 88.0 10.0 26.0
7 500 374 128.5 96.5 11.0 47.0
7 500 374 114.0 96.0 14.0 50.0
7 500 374 99.0 96.5 14.0 47.0
7 500 374 84.5 94.0 17.0 54.0
7 500 374 68.5 93.0 17.0 56.0
7 500 374 44.5 92.5 15.0 57.0
7 500 374 28.0 95.0 16.0 52.0
9 500 374 304.0 339.0 392.0 70.0
7 500 374 27.0 274.5 22.0 47.0
7 500 374 12.0 297.0 22.0 34.0