2 500 375 345.5 230.5 131.0 43.0
2 500 375 110.0 240.0 130.0 28.0
2 500 375 443.0 139.5 80.0 21.0
2 500 375 358.5 148.5 91.0 29.0
2 500 375 281.5 157.5 109.0 33.0
2 500 375 271.0 125.5 56.0 13.0
2 500 375 41.5 317.5 81.0 31.0
2 500 375 23.5 290.0 45.0 20.0
2 500 375 166.0 182.5 104.0 29.0
2 500 375 189.0 184.5 90.0 19.0
2 500 375 260.5 177.5 85.0 23.0
2 500 375 179.5 169.5 99.0 23.0
2 500 375 326.0 119.5 60.0 15.0
2 500 375 373.5 115.5 51.0 13.0
2 500 375 409.5 110.5 51.0 15.0
2 500 375 28.0 194.0 54.0 16.0