13 500 333 456.5 207.0 43.0 102.0
13 500 333 425.0 217.0 74.0 112.0
13 500 333 386.0 195.0 42.0 90.0
13 500 333 363.5 187.0 25.0 84.0
13 500 333 329.5 231.5 39.0 115.0
13 500 333 281.5 216.0 45.0 112.0
13 500 333 326.5 187.5 45.0 83.0
13 500 333 295.5 175.0 55.0 92.0
13 500 333 280.5 147.5 21.0 35.0
13 500 333 243.0 169.0 26.0 80.0
13 500 333 217.0 182.0 60.0 90.0
13 500 333 185.0 250.5 80.0 117.0
13 500 333 136.0 246.0 60.0 108.0
13 500 333 90.5 231.5 73.0 109.0
13 500 333 42.0 212.5 68.0 101.0
13 500 333 127.0 172.5 36.0 47.0
13 500 333 163.5 179.5 53.0 69.0
13 500 333 185.0 165.5 48.0 69.0
19 500 333 47.5 35.5 37.0 49.0
19 500 333 19.5 32.5 29.0 63.0