10 375 500 284.0 470.0 48.0 56.0
10 375 500 324.5 468.0 43.0 52.0
10 375 500 358.0 446.0 34.0 64.0
10 375 500 347.0 359.5 56.0 119.0
10 375 500 336.0 228.0 64.0 64.0
7 375 500 236.0 200.0 14.0 52.0
7 375 500 221.5 199.5 15.0 55.0
7 375 500 194.0 199.5 14.0 53.0
7 375 500 182.0 202.0 16.0 50.0
7 375 500 164.5 202.5 15.0 51.0
7 375 500 145.5 206.5 17.0 45.0
7 375 500 159.5 271.0 15.0 52.0
7 375 500 146.0 271.0 16.0 52.0
7 375 500 128.5 271.0 13.0 52.0
7 375 500 120.0 275.0 18.0 46.0
7 375 500 103.0 271.0 14.0 52.0
7 375 500 92.5 273.5 15.0 51.0
7 375 500 73.0 274.5 16.0 49.0
7 375 500 43.0 275.0 16.0 48.0
7 375 500 30.0 273.5 14.0 45.0
7 375 500 112.0 269.5 12.0 51.0