12 500 342 59.5 230.0 63.0 58.0
11 500 342 379.5 283.5 241.0 117.0
10 500 342 18.5 224.5 33.0 81.0
10 500 342 170.0 126.0 16.0 36.0
10 500 342 188.0 124.5 22.0 35.0
10 500 342 205.5 126.5 21.0 31.0
10 500 342 242.5 118.5 29.0 19.0
10 500 342 275.0 118.5 22.0 23.0
10 500 342 310.5 123.5 29.0 37.0
10 500 342 336.5 121.5 27.0 37.0
10 500 342 347.5 174.0 19.0 24.0
10 500 342 324.5 168.0 31.0 38.0
10 500 342 306.0 167.5 20.0 37.0
10 500 342 166.5 168.0 17.0 38.0
10 500 342 184.5 172.5 15.0 29.0
10 500 342 210.0 170.5 14.0 29.0
10 500 342 169.5 208.0 23.0 36.0
10 500 342 174.5 215.0 13.0 24.0
10 500 342 208.0 208.5 14.0 33.0
10 500 342 244.5 155.5 15.0 33.0
10 500 342 261.5 156.0 17.0 34.0
10 500 342 276.0 158.5 16.0 27.0
10 500 342 235.5 205.5 23.0 55.0
10 500 342 254.0 217.0 20.0 30.0
10 500 342 272.5 207.0 27.0 32.0
10 500 342 330.5 208.5 21.0 31.0
10 500 342 307.0 208.0 22.0 34.0
10 500 342 318.0 210.0 20.0 34.0